image_width: 640
image_height: 480
camera_name: d405_color_260522277974
camera_matrix:
  rows: 3
  cols: 3
  data: [438.60040283203125, 0.0, 317.7792663574219,
         0.0, 438.4169616699219, 245.35714721679688,
         0.0, 0.0, 1.0]
distortion_model: inverse_brown_conrady
distortion_coefficients:
  rows: 1
  cols: 5
  data: [-0.05372992530465126, 0.05834611505270004,
         0.002122000325471163, 0.0007625872385688126,
         -0.019704923033714294]
rectification_matrix:
  rows: 3
  cols: 3
  data: [1.0, 0.0, 0.0,
         0.0, 1.0, 0.0,
         0.0, 0.0, 1.0]
projection_matrix:
  rows: 3
  cols: 4
  data: [438.60040283203125, 0.0, 317.7792663574219, 0.0,
         0.0, 438.4169616699219, 245.35714721679688, 0.0,
         0.0, 0.0, 1.0, 0.0]
